26.9579 
19.9111 
34.7718 
34.2632 
8.69059 
6.31958 
21.9775 
49.6693 
40.4378 
48.8047 
33.3611 
3.38031 
26.0157 
22.2752 
17.4762 
22.4713 
33.2574 
32.0095 
12.0721 
15.9486 
32.1833 
21.99 
27.9043 
22.5585 
23.3234 
4.40589 
29.6566 
37.6872 
12.8317 
19.3523 
12.4731 
9.76377 
14.965 
14.1705 
6.29251 
42.9419 
3.3139 
22.5002 
19.7819 
26.1306 
15.0668 
22.6506 
49.1449 
49.5092 
42.2431 
33.276 
18.3831 
37.4704 
12.8928 
16.821 
40.7401 
29.7618 
28.3549 
22.4701 
48.1904 
3.21873 
17.4931 
35.4848 
20.782 
27.8968 
6.73793 
18.5348 
39.0917 
18.4775 
44.9276 
39.0443 
7.58416 
34.2773 
27.3486 
2.2195 
14.6396 
14.9874 
0.0318557 
31.6215 
10.6034 
18.1882 
20.3148 
23.3371 
7.62826 
47.2662 
37.4782 
49.5511 
30.3006 
11.9821 
20.6179 
44.7326 
36.8038 
44.7276 
25.3997 
27.2802 
27.8544 
27.1912 
31.1947 
6.88094 
16.2008 
16.2231 
27.385 
23.4942 
35.7785 
14.643 
34.6602 
47.8647 
19.8888 
5.61807 
4.84765 
49.0975 
28.8393 
48.4185 
43.6072 
32.1223 
33.0544 
45.3527 
22.4962 
23.4138 
33.3491 
39.6805 
15.9593 
32.532 
14.459 
27.7685 
49.8833 
45.1644 
18.8306 
2.70082 
18.4605 
12.6013 
14.9154 
7.20037 
31.122 
42.6959 
30.0682 
39.3041 
11.949 
34.5345 
31.1492 
14.0246 
41.0913 
5.48642 
40.7455 
43.4377 
0.00941075 
6.35258 
29.3458 
33.3391 
26.1093 
48.7918 
42.5726 
33.1812 
44.677 
46.7137 
4.81621 
7.44711 
13.571 
49.3867 
15.8143 
11.5877 
4.19249 
33.1326 
33.5534 
36.0233 
1.45701 
3.81106 
39.9611 
1.12002 
6.72027 
38.0047 
11.7725 
1.16877 
16.5516 
41.8772 
4.69459 
13.5021 
37.0923 
35.5071 
25.6333 
38.1836 
44.9048 
13.9902 
5.62318 
6.3951 
21.3972 
42.7725 
18.1377 
47.5389 
22.5762 
13.9732 
36.0306 
12.4615 
13.4193 
13.7022 
46.9347 
38.9863 
23.1751 
34.3657 
2.8829 
7.16761 
42.9744 
18.7368 
24.6441 
41.5875 
6.24097 
19.577 
18.4303 
26.6499 
4.25044 
38.4611 
29.9061 
3.95915 
26.116 
7.33355 
40.516 
2.9176 
21.3254 
34.2871 
32.3767 
47.6381 
42.778 
1.7933 
35.3852 
29.0295 
27.5831 
6.72337 
15.8289 
5.39088 
3.36028 
8.50968 
20.1317 
47.3677 
46.0141 
11.4414 
33.3635 
33.0037 
2.5018 
42.225 
46.8578 
6.55933 
5.63628 
2.20602 
20.8575 
22.3774 
35.7701 
11.8882 
22.7207 
16.6633 
31.7046 
25.2048 
6.40462 
7.45957 
49.8439 
14.1911 
41.7767 
36.5592 
15.3633 
9.95274 
23.5 
11.9597 
48.8748 
12.5056 
41.8781 
5.60939 
38.508 
11.9567 
6.70066 
31.4692 
41.3524 
7.70226 
13.7047 
2.83529 
6.67925 
6.12499 
14.9227 
15.6804 
19.7811 
10.8624 
11.8213 
48.1253 
14.2447 
46.7257 
6.98255 
48.3766 
46.1395 
29.8378 
17.7129 
20.3232 
31.3721 
38.1615 
43.8759 
44.1315 
8.91293 
20.1972 
1.69234 
24.5111 
32.9359 
10.7445 
6.11205 
44.9325 
31.2011 
44.7716 
16.9528 
44.3013 
4.20048 
17.4604 
33.1654 
39.1215 
42.4139 
49.0591 
1.53222 
24.4833 
6.18481 
6.70509 
40.4825 
20.6032 
47.7394 
33.9746 
44.6721 
16.2042 
40.657 
36.8417 
14.4784 
34.9779 
24.0149 
38.5318 
36.3022 
9.32778 
30.567 
4.90502 
47.7704 
8.91341 
48.7193 
48.3642 
18.7576 
42.2196 
24.7095 
42.0825 
18.3138 
30.7304 
8.35789 
41.1203 
6.17692 
47.4649 
2.63627 
17.5212 
20.1102 
24.1976 
4.32278 
34.2221 
13.9861 
22.7563 
18.7791 
14.7057 
4.58978 
43.3465 
24.5732 
44.986 
5.68794 
7.8189 
20.5035 
42.0772 
6.82783 
6.61532 
38.3217 
3.16397 
10.7501 
36.8968 
7.48658 
7.05946 
16.5265 
16.0472 
15.4984 
9.6843 
2.82713 
33.2884 
45.4512 
46.821 
36.3893 
4.08564 
40.1415 
1.59015 
20.9658 
7.60106 
35.5212 
17.1128 
32.2619 
49.3978 
6.59622 
16.4314 
11.8111 
42.2595 
36.2161 
29.9174 
47.4923 
4.57709 
31.2371 
38.055 
40.0478 
28.7036 
18.9407 
13.7442 
37.6308 
9.0678 
31.4573 
41.7609 
30.8516 
21.3432 
21.8202 
38.0543 
5.79625 
49.2415 
24.3211 
49.6682 
29.6722 
2.05243 
46.9191 
7.99831 
2.47707 
8.58931 
47.8589 
18.7697 
35.189 
35.2341 
3.92401 
4.49775 
11.2334 
41.4715 
37.3414 
19.5612 
18.9217 
27.3972 
45.4953 
35.7872 
1.94311 
25.4741 
45.8517 
6.48743 
8.40697 
38.7646 
29.8346 
44.3359 
15.5801 
40.6205 
8.78906 
25.3711 
47.7408 
13.9753 
49.7112 
39.3396 
7.01428 
14.0747 
30.0841 
14.3456 
7.09424 
29.7806 
29.6547 
10.41 
24.9037 
31.146 
22.731 
5.18042 
45.8157 
5.5539 
35.1726 
39.9767 
42.5615 
2.31554 
9.12106 
14.5339 
42.7948 
37.8226 
10.6446 
32.2571 
39.9053 
27.245 
7.3588 
20.0073 
48.9245 
37.6058 
12.9905 
30.8395 
9.88729 
48.662 
32.5374 
2.74857 
32.6932 
9.46104 
11.129 
47.9014 
42.3013 
43.6663 
5.08254 
3.08133 
31.6282 
5.71599 
26.5936 
42.1626 
42.2853 
42.7597 
18.0495 
42.8195 
4.74555 
8.0026 
