6.95321e-310 
0.00941075 
0.0318557 
1.12002 
1.16877 
1.45701 
1.53222 
1.59015 
1.69234 
1.7933 
1.94311 
2.05243 
2.20602 
2.2195 
2.31554 
2.47707 
2.5018 
2.63627 
2.70082 
2.74857 
2.82713 
2.83529 
2.8829 
2.9176 
3.08133 
3.16397 
3.21873 
3.3139 
3.36028 
3.38031 
3.81106 
3.92401 
3.95915 
4.08564 
4.19249 
4.20048 
4.25044 
4.32278 
4.40589 
4.49775 
4.57709 
4.58978 
4.69459 
4.74555 
4.81621 
4.84765 
4.90502 
5.08254 
5.18042 
5.39088 
5.48642 
5.5539 
5.60939 
5.61807 
5.62318 
5.63628 
5.68794 
5.71599 
5.79625 
6.11205 
6.12499 
6.17692 
6.18481 
6.24097 
6.29251 
6.31958 
6.35258 
6.3951 
6.40462 
6.48743 
6.55933 
6.59622 
6.61532 
6.67925 
6.70066 
6.70509 
6.72027 
6.72337 
6.73793 
6.82783 
6.88094 
6.98255 
7.01428 
7.05946 
7.09424 
7.16761 
7.20037 
7.33355 
7.3588 
7.44711 
7.45957 
7.48658 
7.58416 
7.60106 
7.62826 
7.70226 
7.8189 
7.99831 
8.0026 
8.35789 
8.40697 
8.50968 
8.58931 
8.69059 
8.78906 
8.91293 
8.91341 
9.0678 
9.12106 
9.32778 
9.46104 
9.6843 
9.76377 
9.88729 
9.95274 
10.41 
10.6034 
10.6446 
10.7445 
10.7501 
10.8624 
11.129 
11.2334 
11.4414 
11.5877 
11.7725 
11.8111 
11.8213 
11.8882 
11.949 
11.9567 
11.9597 
11.9821 
12.0721 
12.4615 
12.4731 
12.5056 
12.6013 
12.8317 
12.8928 
12.9905 
13.4193 
13.5021 
13.571 
13.7022 
13.7047 
13.7442 
13.9732 
13.9753 
13.9861 
13.9902 
14.0246 
14.0747 
14.1705 
14.1911 
14.2447 
14.3456 
14.459 
14.4784 
14.5339 
14.6396 
14.643 
14.7057 
14.9154 
14.9227 
14.965 
14.9874 
15.0668 
15.3633 
15.4984 
15.5801 
15.6804 
15.8143 
15.8289 
15.9486 
15.9593 
16.0472 
16.2008 
16.2042 
16.2231 
16.4314 
16.5265 
16.5516 
16.6633 
16.821 
16.9528 
17.1128 
17.4604 
17.4762 
17.4931 
17.5212 
17.7129 
18.0495 
18.1377 
18.1882 
18.3138 
18.3831 
18.4303 
18.4605 
18.4775 
18.5348 
18.7368 
18.7576 
18.7697 
18.7791 
18.8306 
18.9217 
18.9407 
19.3523 
19.5612 
19.577 
19.7811 
19.7819 
19.8888 
19.9111 
20.0073 
20.1102 
20.1317 
20.1972 
20.3148 
20.3232 
20.5035 
20.6032 
20.6179 
20.782 
20.8575 
20.9658 
21.3254 
21.3432 
21.3972 
21.8202 
21.9775 
21.99 
22.2752 
22.3774 
22.4701 
22.4713 
22.4962 
22.5002 
22.5585 
22.5762 
22.6506 
22.7207 
22.731 
22.7563 
23.1751 
23.3234 
23.3371 
23.4138 
23.4942 
23.5 
24.0149 
24.1976 
24.3211 
24.4833 
24.5111 
24.5732 
24.6441 
24.7095 
24.9037 
25.2048 
25.3711 
25.3997 
25.4741 
25.6333 
26.0157 
26.1093 
26.116 
26.1306 
26.5936 
26.6499 
26.9579 
27.1912 
27.245 
27.2802 
27.3486 
27.385 
27.3972 
27.5831 
27.7685 
27.8544 
27.8968 
27.9043 
28.3549 
28.7036 
28.8393 
29.0295 
29.3458 
29.6547 
29.6566 
29.6722 
29.7618 
29.7806 
29.8346 
29.8378 
29.9061 
29.9174 
30.0682 
30.0841 
30.3006 
30.567 
30.7304 
30.8395 
30.8516 
31.122 
31.146 
31.1492 
31.1947 
31.2011 
31.2371 
31.3721 
31.4573 
31.4692 
31.6215 
31.6282 
31.7046 
32.0095 
32.1223 
32.1833 
32.2571 
32.2619 
32.3767 
32.532 
32.5374 
32.6932 
32.9359 
33.0037 
33.0544 
33.1326 
33.1654 
33.1812 
33.2574 
33.276 
33.2884 
33.3391 
33.3491 
33.3611 
33.3635 
33.5534 
33.9746 
34.2221 
34.2632 
34.2773 
34.2871 
34.3657 
34.5345 
34.6602 
34.7718 
34.9779 
35.1726 
35.189 
35.2341 
35.3852 
35.4848 
35.5071 
35.5212 
35.7701 
35.7785 
35.7872 
36.0233 
36.0306 
36.2161 
36.3022 
36.3893 
36.5592 
36.8038 
36.8417 
36.8968 
37.0923 
37.3414 
37.4704 
37.4782 
37.6058 
37.6308 
37.6872 
37.8226 
38.0047 
38.0543 
38.055 
38.1615 
38.1836 
38.3217 
38.4611 
38.508 
38.5318 
38.7646 
38.9863 
39.0443 
39.0917 
39.1215 
39.3041 
39.3396 
39.6805 
39.9053 
39.9611 
39.9767 
40.0478 
40.1415 
40.4378 
40.4825 
40.516 
40.6205 
40.657 
40.7401 
40.7455 
41.0913 
41.1203 
41.3524 
41.4715 
41.5875 
41.7609 
41.7767 
41.8772 
41.8781 
42.0772 
42.0825 
42.1626 
42.2196 
42.225 
42.2431 
42.2595 
42.2853 
42.3013 
42.4139 
42.5615 
42.5726 
42.6959 
42.7597 
42.7725 
42.778 
42.7948 
42.8195 
42.9419 
42.9744 
43.3465 
43.4377 
43.6072 
43.6663 
43.8759 
44.1315 
44.3013 
44.3359 
44.6721 
44.677 
44.7276 
44.7326 
44.7716 
44.9048 
44.9276 
44.9325 
44.986 
45.1644 
45.3527 
45.4512 
45.4953 
45.8157 
45.8517 
46.0141 
46.1395 
46.7137 
46.7257 
46.821 
46.8578 
46.9191 
46.9347 
47.2662 
47.3677 
47.4649 
47.4923 
47.5389 
47.6381 
47.7394 
47.7408 
47.7704 
47.8589 
47.8647 
47.9014 
48.1253 
48.1904 
48.3642 
48.3766 
48.4185 
48.662 
48.7193 
48.7918 
48.8047 
48.8748 
48.9245 
49.0591 
49.0975 
49.1449 
49.2415 
49.3867 
49.3978 
49.5092 
49.5511 
49.6682 
49.6693 
49.7112 
49.8439 
